16 16 0.000000 -0.000000
16 48 0.000000 -0.000000
16 80 -0.000000 -0.000000
16 112 -0.000000 -0.000000
16 144 -0.000000 -0.000000
16 176 -0.000000 -0.000000
16 208 -0.000000 -0.000000
16 240 -0.000000 -0.000000
16 272 -0.000000 -0.000000
16 304 -0.000000 -0.000000
16 336 -0.000000 -0.000000
16 368 -0.000000 -0.000000
16 400 -0.000000 -0.000000
16 432 -0.000000 -0.000000
16 464 -0.000000 -0.000000
16 496 -0.000000 -0.000000
16 528 -0.000000 -0.000000
16 560 -0.000000 -0.000000
16 592 -0.000000 -0.000000
16 624 -0.000000 -0.000000
16 656 -0.000000 -0.000000
16 688 -0.000000 -0.000000
16 720 -0.000000 -0.000000
16 752 -0.000000 -0.000000
16 784 -0.000000 -0.000000
16 816 -0.000000 -0.000000
16 848 -0.000000 -0.000000
16 880 -0.000000 -0.000000
16 912 -0.000000 -0.000000
16 944 -0.000000 -0.000000
16 976 -0.000000 -0.000000
16 1008 -0.000000 -0.000000
16 1040 -0.000000 -0.000000
16 1072 -0.000000 -0.000000
16 1104 -0.000000 -0.000000
16 1136 -0.000000 -0.000000
48 16 0.000000 -0.000000
48 48 0.000000 -0.000000
48 80 -0.000000 -0.000000
48 112 -0.000000 -0.000000
48 144 -0.000000 -0.000000
48 176 -0.000000 -0.000000
48 208 -0.000000 -0.000000
48 240 -0.000000 -0.000000
48 272 -0.000000 -0.000000
48 304 -0.000000 -0.000000
48 336 -0.000000 -0.000000
48 368 -0.000000 -0.000000
48 400 -0.000000 -0.000000
48 432 -0.000000 -0.000000
48 464 -0.000000 -0.000000
48 496 -0.000000 -0.000000
48 528 -0.000000 -0.000000
48 560 -0.000000 -0.000000
48 592 -0.000000 -0.000000
48 624 -0.000000 -0.000000
48 656 -0.000000 -0.000000
48 688 -0.000000 -0.000000
48 720 -0.000000 -0.000000
48 752 -0.000000 -0.000000
48 784 -0.000000 -0.000000
48 816 -0.000000 -0.000000
48 848 -0.000000 -0.000000
48 880 -0.000000 -0.000000
48 912 -0.000000 -0.000000
48 944 -0.000000 -0.000000
48 976 -0.000000 -0.000000
48 1008 -0.000000 -0.000000
48 1040 -0.000000 -0.000000
48 1072 -0.000000 -0.000000
48 1104 -0.000000 -0.000000
48 1136 -0.000000 -0.000000
80 16 0.000000 -0.000000
80 48 0.000000 -0.000000
80 80 -0.000000 -0.000000
80 112 -0.000000 -0.000000
80 144 -0.000000 -0.000000
80 176 -0.000000 -0.000000
80 208 -0.000000 -0.000000
80 240 -0.000000 -0.000000
80 272 -0.000000 -0.000000
80 304 -0.000000 -0.000000
80 336 -0.000000 -0.000000
80 368 -0.000000 -0.000000
80 400 -0.000000 -0.000000
80 432 -0.000000 -0.000000
80 464 -0.000000 -0.000000
80 496 -0.000000 -0.000000
80 528 -0.000000 -0.000000
80 560 -0.000000 -0.000000
80 592 -0.000000 -0.000000
80 624 -0.000000 -0.000000
80 656 -0.000000 -0.000000
80 688 -0.000000 -0.000000
80 720 -0.000000 -0.000000
80 752 -0.000000 -0.000000
80 784 -0.000000 -0.000000
80 816 -0.000000 -0.000000
80 848 -0.000000 -0.000000
80 880 -0.000000 -0.000000
80 912 -0.000000 -0.000000
80 944 -0.000000 -0.000000
80 976 -0.000000 -0.000000
80 1008 -0.000000 -0.000000
80 1040 -0.000000 -0.000000
80 1072 -0.000000 -0.000000
80 1104 -0.000000 -0.000000
80 1136 -0.000000 -0.000000
112 16 0.000000 -0.000000
112 48 -0.000000 -0.000000
112 80 -0.000000 -0.000000
112 112 -0.000000 -0.000000
112 144 -0.000000 -0.000000
112 176 -0.000000 -0.000000
112 208 -0.000000 -0.000000
112 240 -0.000000 -0.000000
112 272 -0.000000 -0.000000
112 304 -0.000000 -0.000000
112 336 -0.000000 -0.000000
112 368 -0.000000 -0.000000
112 400 -0.000000 -0.000000
112 432 -0.000000 -0.000000
112 464 -0.000000 -0.000000
112 496 -0.000000 -0.000000
112 528 -0.000000 -0.000000
112 560 -0.000000 -0.000000
112 592 -0.000000 -0.000000
112 624 -0.000000 -0.000000
112 656 -0.000000 -0.000000
112 688 -0.000000 -0.000000
112 720 -0.000000 -0.000000
112 752 -0.000000 -0.000000
112 784 -0.000000 -0.000000
112 816 -0.000000 -0.000000
112 848 -0.000000 -0.000000
112 880 -0.000000 -0.000000
112 912 -0.000000 -0.000000
112 944 -0.000000 -0.000000
112 976 -0.000000 -0.000000
112 1008 -0.000000 -0.000000
112 1040 -0.000000 -0.000000
112 1072 -0.000000 -0.000000
112 1104 -0.000000 -0.000000
112 1136 -0.000000 -0.000000
144 16 0.000002 -0.000004
144 48 -0.000000 -0.000007
144 80 -0.000001 -0.000005
144 112 -0.000001 -0.000002
144 144 -0.000000 -0.000000
144 176 -0.000000 -0.000000
144 208 -0.000000 -0.000000
144 240 -0.000000 -0.000000
144 272 -0.000000 -0.000000
144 304 -0.000000 -0.000000
144 336 -0.000000 -0.000000
144 368 -0.000000 -0.000000
144 400 -0.000000 -0.000000
144 432 -0.000000 -0.000000
144 464 -0.000000 -0.000000
144 496 -0.000000 -0.000000
144 528 -0.000000 -0.000000
144 560 -0.000000 -0.000000
144 592 -0.000000 -0.000000
144 624 -0.000000 -0.000000
144 656 -0.000000 -0.000000
144 688 -0.000000 -0.000000
144 720 -0.000000 -0.000000
144 752 -0.000000 -0.000000
144 784 -0.000000 -0.000000
144 816 -0.000000 -0.000000
144 848 -0.000000 -0.000000
144 880 -0.000000 -0.000000
144 912 -0.000000 -0.000000
144 944 -0.000000 -0.000000
144 976 -0.000000 -0.000000
144 1008 -0.000000 -0.000000
144 1040 -0.000000 -0.000000
144 1072 -0.000000 -0.000000
144 1104 -0.000000 -0.000000
144 1136 -0.000000 -0.000000
176 16 0.000034 -0.000048
176 48 -0.000002 -0.000089
176 80 -0.000018 -0.000057
176 112 -0.000011 -0.000019
176 144 -0.000003 -0.000004
176 176 -0.000000 -0.000001
176 208 -0.000000 -0.000000
176 240 -0.000000 -0.000000
176 272 -0.000000 -0.000000
176 304 -0.000000 -0.000000
176 336 -0.000000 -0.000000
176 368 -0.000000 -0.000000
176 400 -0.000000 -0.000000
176 432 -0.000000 -0.000000
176 464 -0.000000 -0.000000
176 496 -0.000000 -0.000000
176 528 -0.000000 -0.000000
176 560 -0.000000 -0.000000
176 592 -0.000000 -0.000000
176 624 -0.000000 -0.000000
176 656 -0.000000 -0.000000
176 688 -0.000000 -0.000000
176 720 -0.000000 -0.000000
176 752 -0.000000 -0.000000
176 784 -0.000000 -0.000000
176 816 -0.000000 -0.000000
176 848 -0.000000 -0.000000
176 880 -0.000000 -0.000000
176 912 -0.000000 -0.000000
176 944 -0.000000 -0.000000
176 976 -0.000000 -0.000000
176 1008 -0.000000 -0.000000
176 1040 -0.000000 -0.000000
176 1072 -0.000000 -0.000000
176 1104 -0.000000 -0.000000
176 1136 -0.000000 -0.000000
208 16 0.000360 -0.000465
208 48 -0.000035 -0.000819
208 80 -0.000189 -0.000490
208 112 -0.000104 -0.000157
208 144 -0.000028 -0.000030
208 176 -0.000004 -0.000004
208 208 -0.000000 -0.000000
208 240 -0.000000 -0.000000
208 272 -0.000000 -0.000000
208 304 -0.000000 -0.000000
208 336 -0.000000 -0.000000
208 368 -0.000000 -0.000000
208 400 -0.000000 -0.000000
208 432 -0.000000 -0.000000
208 464 -0.000000 -0.000000
208 496 -0.000000 -0.000000
208 528 -0.000000 -0.000000
208 560 -0.000000 -0.000000
208 592 -0.000000 -0.000000
208 624 -0.000000 -0.000000
208 656 -0.000000 -0.000000
208 688 -0.000000 -0.000000
208 720 -0.000000 -0.000000
208 752 -0.000000 -0.000000
208 784 -0.000000 -0.000000
208 816 -0.000000 -0.000000
208 848 -0.000000 -0.000000
208 880 -0.000000 -0.000000
208 912 -0.000000 -0.000000
208 944 -0.000000 -0.000000
208 976 -0.000000 -0.000000
208 1008 -0.000000 -0.000000
208 1040 -0.000000 -0.000000
208 1072 -0.000000 -0.000000
208 1104 -0.000000 -0.000000
208 1136 -0.000000 -0.000000
240 16 0.002925 -0.003425
240 48 -0.000492 -0.005562
240 80 -0.001491 -0.003002
240 112 -0.000730 -0.000884
240 144 -0.000182 -0.000161
240 176 -0.000027 -0.000019
240 208 -0.000003 -0.000001
240 240 -0.000000 -0.000000
240 272 -0.000000 -0.000000
240 304 -0.000000 -0.000000
240 336 -0.000000 -0.000000
240 368 -0.000000 -0.000000
240 400 -0.000000 -0.000000
240 432 -0.000000 -0.000000
240 464 -0.000000 -0.000000
240 496 -0.000000 -0.000000
240 528 -0.000000 -0.000000
240 560 -0.000000 -0.000000
240 592 -0.000000 -0.000000
240 624 -0.000000 -0.000000
240 656 -0.000000 -0.000000
240 688 -0.000000 -0.000000
240 720 -0.000000 -0.000000
240 752 -0.000000 -0.000000
240 784 -0.000000 -0.000000
240 816 -0.000000 -0.000000
240 848 -0.000000 -0.000000
240 880 -0.000000 -0.000000
240 912 -0.000000 -0.000000
240 944 -0.000000 -0.000000
240 976 -0.000000 -0.000000
240 1008 -0.000000 -0.000000
240 1040 -0.000000 -0.000000
240 1072 -0.000000 -0.000000
240 1104 -0.000000 -0.000000
240 1136 -0.000000 -0.000000
272 16 0.018690 -0.021251
272 48 -0.005332 -0.028402
272 80 -0.008725 -0.012907
272 112 -0.003673 -0.003408
272 144 -0.000843 -0.000581
272 176 -0.000119 -0.000066
272 208 -0.000011 -0.000005
272 240 -0.000001 -0.000000
272 272 -0.000000 -0.000000
272 304 -0.000000 -0.000000
272 336 -0.000000 -0.000000
272 368 -0.000000 -0.000000
272 400 -0.000000 -0.000000
272 432 -0.000000 -0.000000
272 464 -0.000000 -0.000000
272 496 -0.000000 -0.000000
272 528 -0.000000 -0.000000
272 560 -0.000000 -0.000000
272 592 -0.000000 -0.000000
272 624 -0.000000 -0.000000
272 656 -0.000000 -0.000000
272 688 -0.000000 -0.000000
272 720 -0.000000 -0.000000
272 752 -0.000000 -0.000000
272 784 -0.000000 -0.000000
272 816 -0.000000 -0.000000
272 848 -0.000000 -0.000000
272 880 -0.000000 -0.000000
272 912 -0.000000 -0.000000
272 944 -0.000000 -0.000000
272 976 -0.000000 -0.000000
272 1008 -0.000000 -0.000000
272 1040 -0.000000 -0.000000
272 1072 -0.000000 -0.000000
272 1104 -0.000000 -0.000000
272 1136 -0.000000 -0.000000
304 16 0.090206 -0.140239
304 48 -0.043599 -0.104972
304 80 -0.036947 -0.037617
304 112 -0.013161 -0.008930
304 144 -0.002795 -0.001440
304 176 -0.000378 -0.000158
304 208 -0.000033 -0.000012
304 240 -0.000002 -0.000001
304 272 -0.000000 -0.000000
304 304 -0.000000 -0.000000
304 336 -0.000000 -0.000000
304 368 -0.000000 -0.000000
304 400 -0.000000 -0.000000
304 432 -0.000000 -0.000000
304 464 -0.000000 -0.000000
304 496 -0.000000 -0.000000
304 528 -0.000000 -0.000000
304 560 -0.000000 -0.000000
304 592 -0.000000 -0.000000
304 624 -0.000000 -0.000000
304 656 -0.000000 -0.000000
304 688 -0.000000 -0.000000
304 720 -0.000000 -0.000000
304 752 -0.000000 -0.000000
304 784 -0.000000 -0.000000
304 816 -0.000000 -0.000000
304 848 -0.000000 -0.000000
304 880 -0.000000 -0.000000
304 912 -0.000000 -0.000000
304 944 -0.000000 -0.000000
304 976 -0.000000 -0.000000
304 1008 -0.000000 -0.000000
304 1040 -0.000000 -0.000000
304 1072 -0.000000 -0.000000
304 1104 -0.000000 -0.000000
304 1136 -0.000000 -0.000000
336 16 -0.152379 -0.608691
336 48 -0.204651 -0.232012
336 80 -0.107934 -0.071934
336 112 -0.033935 -0.016142
336 144 -0.006831 -0.002532
336 176 -0.000899 -0.000273
336 208 -0.000078 -0.000020
336 240 -0.000004 -0.000001
336 272 -0.000000 -0.000000
336 304 -0.000000 -0.000000
336 336 -0.000000 -0.000000
336 368 -0.000000 -0.000000
336 400 -0.000000 -0.000000
336 432 -0.000000 -0.000000
336 464 -0.000000 -0.000000
336 496 -0.000000 -0.000000
336 528 -0.000000 -0.000000
336 560 -0.000000 -0.000000
336 592 -0.000000 -0.000000
336 624 -0.000000 -0.000000
336 656 -0.000000 -0.000000
336 688 -0.000000 -0.000000
336 720 -0.000000 -0.000000
336 752 -0.000000 -0.000000
336 784 -0.000000 -0.000000
336 816 -0.000000 -0.000000
336 848 -0.000000 -0.000000
336 880 -0.000000 -0.000000
336 912 -0.000000 -0.000000
336 944 -0.000000 -0.000000
336 976 -0.000000 -0.000000
336 1008 -0.000000 -0.000000
336 1040 -0.000000 -0.000000
336 1072 -0.000000 -0.000000
336 1104 -0.000000 -0.000000
336 1136 -0.000000 -0.000000
368 16 -0.709329 -0.727266
368 48 -0.488457 -0.307858
368 80 -0.221547 -0.096215
368 112 -0.065919 -0.021528
368 144 -0.012930 -0.003365
368 176 -0.001677 -0.000362
368 208 -0.000144 -0.000027
368 240 -0.000008 -0.000001
368 272 -0.000000 -0.000000
368 304 -0.000000 -0.000000
368 336 -0.000000 -0.000000
368 368 -0.000000 -0.000000
368 400 -0.000000 -0.000000
368 432 -0.000000 -0.000000
368 464 -0.000000 -0.000000
368 496 -0.000000 -0.000000
368 528 -0.000000 -0.000000
368 560 -0.000000 -0.000000
368 592 -0.000000 -0.000000
368 624 -0.000000 -0.000000
368 656 -0.000000 -0.000000
368 688 -0.000000 -0.000000
368 720 -0.000000 -0.000000
368 752 -0.000000 -0.000000
368 784 -0.000000 -0.000000
368 816 -0.000000 -0.000000
368 848 -0.000000 -0.000000
368 880 -0.000000 -0.000000
368 912 -0.000000 -0.000000
368 944 -0.000000 -0.000000
368 976 -0.000000 -0.000000
368 1008 -0.000000 -0.000000
368 1040 -0.000000 -0.000000
368 1072 -0.000000 -0.000000
368 1104 -0.000000 -0.000000
368 1136 -0.000000 -0.000000
400 16 -1.212765 -0.742132
400 48 -0.805267 -0.325955
400 80 -0.355019 -0.103608
400 112 -0.103916 -0.023325
400 144 -0.020193 -0.003654
400 176 -0.002604 -0.000393
400 208 -0.000223 -0.000029
400 240 -0.000013 -0.000001
400 272 -0.000000 -0.000000
400 304 -0.000000 -0.000000
400 336 -0.000000 -0.000000
400 368 -0.000000 -0.000000
400 400 -0.000000 -0.000000
400 432 -0.000000 -0.000000
400 464 -0.000000 -0.000000
400 496 -0.000000 -0.000000
400 528 -0.000000 -0.000000
400 560 -0.000000 -0.000000
400 592 -0.000000 -0.000000
400 624 -0.000000 -0.000000
400 656 -0.000000 -0.000000
400 688 -0.000000 -0.000000
400 720 -0.000000 -0.000000
400 752 -0.000000 -0.000000
400 784 -0.000000 -0.000000
400 816 -0.000000 -0.000000
400 848 -0.000000 -0.000000
400 880 -0.000000 -0.000000
400 912 -0.000000 -0.000000
400 944 -0.000000 -0.000000
400 976 -0.000000 -0.000000
400 1008 -0.000000 -0.000000
400 1040 -0.000000 -0.000000
400 1072 -0.000000 -0.000000
400 1104 -0.000000 -0.000000
400 1136 -0.000000 -0.000000
432 16 -1.716200 -0.727266
432 48 -1.122077 -0.307858
432 80 -0.488491 -0.096215
432 112 -0.141913 -0.021528
432 144 -0.027455 -0.003365
432 176 -0.003532 -0.000362
432 208 -0.000302 -0.000027
432 240 -0.000017 -0.000001
432 272 -0.000001 -0.000000
432 304 -0.000000 -0.000000
432 336 -0.000000 -0.000000
432 368 -0.000000 -0.000000
432 400 -0.000000 -0.000000
432 432 -0.000000 -0.000000
432 464 -0.000000 -0.000000
432 496 -0.000000 -0.000000
432 528 -0.000000 -0.000000
432 560 -0.000000 -0.000000
432 592 -0.000000 -0.000000
432 624 -0.000000 -0.000000
432 656 -0.000000 -0.000000
432 688 -0.000000 -0.000000
432 720 -0.000000 -0.000000
432 752 -0.000000 -0.000000
432 784 -0.000000 -0.000000
432 816 -0.000000 -0.000000
432 848 -0.000000 -0.000000
432 880 -0.000000 -0.000000
432 912 -0.000000 -0.000000
432 944 -0.000000 -0.000000
432 976 -0.000000 -0.000000
432 1008 -0.000000 -0.000000
432 1040 -0.000000 -0.000000
432 1072 -0.000000 -0.000000
432 1104 -0.000000 -0.000000
432 1136 -0.000000 -0.000000
464 16 -2.273151 -0.608691
464 48 -1.405883 -0.232012
464 80 -0.602104 -0.071934
464 112 -0.173898 -0.016142
464 144 -0.033554 -0.002532
464 176 -0.004310 -0.000273
464 208 -0.000368 -0.000020
464 240 -0.000021 -0.000001
464 272 -0.000001 -0.000000
464 304 -0.000000 -0.000000
464 336 -0.000000 -0.000000
464 368 -0.000000 -0.000000
464 400 -0.000000 -0.000000
464 432 -0.000000 -0.000000
464 464 -0.000000 -0.000000
464 496 -0.000000 -0.000000
464 528 -0.000000 -0.000000
464 560 -0.000000 -0.000000
464 592 -0.000000 -0.000000
464 624 -0.000000 -0.000000
464 656 -0.000000 -0.000000
464 688 -0.000000 -0.000000
464 720 -0.000000 -0.000000
464 752 -0.000000 -0.000000
464 784 -0.000000 -0.000000
464 816 -0.000000 -0.000000
464 848 -0.000000 -0.000000
464 880 -0.000000 -0.000000
464 912 -0.000000 -0.000000
464 944 -0.000000 -0.000000
464 976 -0.000000 -0.000000
464 1008 -0.000000 -0.000000
464 1040 -0.000000 -0.000000
464 1072 -0.000000 -0.000000
464 1104 -0.000000 -0.000000
464 1136 -0.000000 -0.000000
496 16 -2.515735 -0.140239
496 48 -1.566934 -0.104972
496 80 -0.673092 -0.037617
496 112 -0.194671 -0.008930
496 144 -0.037590 -0.001440
496 176 -0.004831 -0.000158
496 208 -0.000413 -0.000012
496 240 -0.000023 -0.000001
496 272 -0.000001 -0.000000
496 304 -0.000000 -0.000000
496 336 -0.000000 -0.000000
496 368 -0.000000 -0.000000
496 400 -0.000000 -0.000000
496 432 -0.000000 -0.000000
496 464 -0.000000 -0.000000
496 496 -0.000000 -0.000000
496 528 -0.000000 -0.000000
496 560 -0.000000 -0.000000
496 592 -0.000000 -0.000000
496 624 -0.000000 -0.000000
496 656 -0.000000 -0.000000
496 688 -0.000000 -0.000000
496 720 -0.000000 -0.000000
496 752 -0.000000 -0.000000
496 784 -0.000000 -0.000000
496 816 -0.000000 -0.000000
496 848 -0.000000 -0.000000
496 880 -0.000000 -0.000000
496 912 -0.000000 -0.000000
496 944 -0.000000 -0.000000
496 976 -0.000000 -0.000000
496 1008 -0.000000 -0.000000
496 1040 -0.000000 -0.000000
496 1072 -0.000000 -0.000000
496 1104 -0.000000 -0.000000
496 1136 -0.000000 -0.000000
528 16 -2.444219 -0.021251
528 48 -1.605202 -0.028402
528 80 -0.701313 -0.012907
528 112 -0.204159 -0.003408
528 144 -0.039543 -0.000581
528 176 -0.005090 -0.000066
528 208 -0.000435 -0.000005
528 240 -0.000025 -0.000000
528 272 -0.000001 -0.000000
528 304 -0.000000 -0.000000
528 336 -0.000000 -0.000000
528 368 -0.000000 -0.000000
528 400 -0.000000 -0.000000
528 432 -0.000000 -0.000000
528 464 -0.000000 -0.000000
528 496 -0.000000 -0.000000
528 528 -0.000000 -0.000000
528 560 -0.000000 -0.000000
528 592 -0.000000 -0.000000
528 624 -0.000000 -0.000000
528 656 -0.000000 -0.000000
528 688 -0.000000 -0.000000
528 720 -0.000000 -0.000000
528 752 -0.000000 -0.000000
528 784 -0.000000 -0.000000
528 816 -0.000000 -0.000000
528 848 -0.000000 -0.000000
528 880 -0.000000 -0.000000
528 912 -0.000000 -0.000000
528 944 -0.000000 -0.000000
528 976 -0.000000 -0.000000
528 1008 -0.000000 -0.000000
528 1040 -0.000000 -0.000000
528 1072 -0.000000 -0.000000
528 1104 -0.000000 -0.000000
528 1136 -0.000000 -0.000000
560 16 -2.428454 -0.003425
560 48 -1.610042 -0.005562
560 80 -0.708548 -0.003002
560 112 -0.207102 -0.000884
560 144 -0.040203 -0.000161
560 176 -0.005182 -0.000019
560 208 -0.000443 -0.000001
560 240 -0.000025 -0.000000
560 272 -0.000001 -0.000000
560 304 -0.000000 -0.000000
560 336 -0.000000 -0.000000
560 368 -0.000000 -0.000000
560 400 -0.000000 -0.000000
560 432 -0.000000 -0.000000
560 464 -0.000000 -0.000000
560 496 -0.000000 -0.000000
560 528 -0.000000 -0.000000
560 560 -0.000000 -0.000000
560 592 -0.000000 -0.000000
560 624 -0.000000 -0.000000
560 656 -0.000000 -0.000000
560 688 -0.000000 -0.000000
560 720 -0.000000 -0.000000
560 752 -0.000000 -0.000000
560 784 -0.000000 -0.000000
560 816 -0.000000 -0.000000
560 848 -0.000000 -0.000000
560 880 -0.000000 -0.000000
560 912 -0.000000 -0.000000
560 944 -0.000000 -0.000000
560 976 -0.000000 -0.000000
560 1008 -0.000000 -0.000000
560 1040 -0.000000 -0.000000
560 1072 -0.000000 -0.000000
560 1104 -0.000000 -0.000000
560 1136 -0.000000 -0.000000
592 16 -2.425890 -0.000465
592 48 -1.610499 -0.000819
592 80 -0.709849 -0.000490
592 112 -0.207729 -0.000157
592 144 -0.040357 -0.000030
592 176 -0.005205 -0.000004
592 208 -0.000445 -0.000000
592 240 -0.000025 -0.000000
592 272 -0.000001 -0.000000
592 304 -0.000000 -0.000000
592 336 -0.000000 -0.000000
592 368 -0.000000 -0.000000
592 400 -0.000000 -0.000000
592 432 -0.000000 -0.000000
592 464 -0.000000 -0.000000
592 496 -0.000000 -0.000000
592 528 -0.000000 -0.000000
592 560 -0.000000 -0.000000
592 592 -0.000000 -0.000000
592 624 -0.000000 -0.000000
592 656 -0.000000 -0.000000
592 688 -0.000000 -0.000000
592 720 -0.000000 -0.000000
592 752 -0.000000 -0.000000
592 784 -0.000000 -0.000000
592 816 -0.000000 -0.000000
592 848 -0.000000 -0.000000
592 880 -0.000000 -0.000000
592 912 -0.000000 -0.000000
592 944 -0.000000 -0.000000
592 976 -0.000000 -0.000000
592 1008 -0.000000 -0.000000
592 1040 -0.000000 -0.000000
592 1072 -0.000000 -0.000000
592 1104 -0.000000 -0.000000
592 1136 -0.000000 -0.000000
624 16 -2.425563 -0.000048
624 48 -1.610532 -0.000089
624 80 -0.710021 -0.000057
624 112 -0.207822 -0.000019
624 144 -0.040382 -0.000004
624 176 -0.005208 -0.000001
624 208 -0.000446 -0.000000
624 240 -0.000025 -0.000000
624 272 -0.000001 -0.000000
624 304 -0.000000 -0.000000
624 336 -0.000000 -0.000000
624 368 -0.000000 -0.000000
624 400 -0.000000 -0.000000
624 432 -0.000000 -0.000000
624 464 -0.000000 -0.000000
624 496 -0.000000 -0.000000
624 528 -0.000000 -0.000000
624 560 -0.000000 -0.000000
624 592 -0.000000 -0.000000
624 624 -0.000000 -0.000000
624 656 -0.000000 -0.000000
624 688 -0.000000 -0.000000
624 720 -0.000000 -0.000000
624 752 -0.000000 -0.000000
624 784 -0.000000 -0.000000
624 816 -0.000000 -0.000000
624 848 -0.000000 -0.000000
624 880 -0.000000 -0.000000
624 912 -0.000000 -0.000000
624 944 -0.000000 -0.000000
624 976 -0.000000 -0.000000
624 1008 -0.000000 -0.000000
624 1040 -0.000000 -0.000000
624 1072 -0.000000 -0.000000
624 1104 -0.000000 -0.000000
624 1136 -0.000000 -0.000000
656 16 -2.425532 -0.000004
656 48 -1.610534 -0.000007
656 80 -0.710037 -0.000005
656 112 -0.207832 -0.000002
656 144 -0.040385 -0.000000
656 176 -0.005209 -0.000000
656 208 -0.000446 -0.000000
656 240 -0.000025 -0.000000
656 272 -0.000001 -0.000000
656 304 -0.000000 -0.000000
656 336 -0.000000 -0.000000
656 368 -0.000000 -0.000000
656 400 -0.000000 -0.000000
656 432 -0.000000 -0.000000
656 464 -0.000000 -0.000000
656 496 -0.000000 -0.000000
656 528 -0.000000 -0.000000
656 560 -0.000000 -0.000000
656 592 -0.000000 -0.000000
656 624 -0.000000 -0.000000
656 656 -0.000000 -0.000000
656 688 -0.000000 -0.000000
656 720 -0.000000 -0.000000
656 752 -0.000000 -0.000000
656 784 -0.000000 -0.000000
656 816 -0.000000 -0.000000
656 848 -0.000000 -0.000000
656 880 -0.000000 -0.000000
656 912 -0.000000 -0.000000
656 944 -0.000000 -0.000000
656 976 -0.000000 -0.000000
656 1008 -0.000000 -0.000000
656 1040 -0.000000 -0.000000
656 1072 -0.000000 -0.000000
656 1104 -0.000000 -0.000000
656 1136 -0.000000 -0.000000
688 16 -2.425529 -0.000000
688 48 -1.610534 -0.000000
688 80 -0.710038 -0.000000
688 112 -0.207832 -0.000000
688 144 -0.040385 -0.000000
688 176 -0.005209 -0.000000
688 208 -0.000446 -0.000000
688 240 -0.000025 -0.000000
688 272 -0.000001 -0.000000
688 304 -0.000000 -0.000000
688 336 -0.000000 -0.000000
688 368 -0.000000 -0.000000
688 400 -0.000000 -0.000000
688 432 -0.000000 -0.000000
688 464 -0.000000 -0.000000
688 496 -0.000000 -0.000000
688 528 -0.000000 -0.000000
688 560 -0.000000 -0.000000
688 592 -0.000000 -0.000000
688 624 -0.000000 -0.000000
688 656 -0.000000 -0.000000
688 688 -0.000000 -0.000000
688 720 -0.000000 -0.000000
688 752 -0.000000 -0.000000
688 784 -0.000000 -0.000000
688 816 -0.000000 -0.000000
688 848 -0.000000 -0.000000
688 880 -0.000000 -0.000000
688 912 -0.000000 -0.000000
688 944 -0.000000 -0.000000
688 976 -0.000000 -0.000000
688 1008 -0.000000 -0.000000
688 1040 -0.000000 -0.000000
688 1072 -0.000000 -0.000000
688 1104 -0.000000 -0.000000
688 1136 -0.000000 -0.000000
720 16 -2.425529 -0.000000
720 48 -1.610534 -0.000000
720 80 -0.710038 -0.000000
720 112 -0.207833 -0.000000
720 144 -0.040385 -0.000000
720 176 -0.005209 -0.000000
720 208 -0.000446 -0.000000
720 240 -0.000025 -0.000000
720 272 -0.000001 -0.000000
720 304 -0.000000 -0.000000
720 336 -0.000000 -0.000000
720 368 -0.000000 -0.000000
720 400 -0.000000 -0.000000
720 432 -0.000000 -0.000000
720 464 -0.000000 -0.000000
720 496 -0.000000 -0.000000
720 528 -0.000000 -0.000000
720 560 -0.000000 -0.000000
720 592 -0.000000 -0.000000
720 624 -0.000000 -0.000000
720 656 -0.000000 -0.000000
720 688 -0.000000 -0.000000
720 720 -0.000000 -0.000000
720 752 -0.000000 -0.000000
720 784 -0.000000 -0.000000
720 816 -0.000000 -0.000000
720 848 -0.000000 -0.000000
720 880 -0.000000 -0.000000
720 912 -0.000000 -0.000000
720 944 -0.000000 -0.000000
720 976 -0.000000 -0.000000
720 1008 -0.000000 -0.000000
720 1040 -0.000000 -0.000000
720 1072 -0.000000 -0.000000
720 1104 -0.000000 -0.000000
720 1136 -0.000000 -0.000000
752 16 -2.425529 -0.000000
752 48 -1.610534 -0.000000
752 80 -0.710038 -0.000000
752 112 -0.207833 -0.000000
752 144 -0.040385 -0.000000
752 176 -0.005209 -0.000000
752 208 -0.000446 -0.000000
752 240 -0.000025 -0.000000
752 272 -0.000001 -0.000000
752 304 -0.000000 -0.000000
752 336 -0.000000 -0.000000
752 368 -0.000000 -0.000000
752 400 -0.000000 -0.000000
752 432 -0.000000 -0.000000
752 464 -0.000000 -0.000000
752 496 -0.000000 -0.000000
752 528 -0.000000 -0.000000
752 560 -0.000000 -0.000000
752 592 -0.000000 -0.000000
752 624 -0.000000 -0.000000
752 656 -0.000000 -0.000000
752 688 -0.000000 -0.000000
752 720 -0.000000 -0.000000
752 752 -0.000000 -0.000000
752 784 -0.000000 -0.000000
752 816 -0.000000 -0.000000
752 848 -0.000000 -0.000000
752 880 -0.000000 -0.000000
752 912 -0.000000 -0.000000
752 944 -0.000000 -0.000000
752 976 -0.000000 -0.000000
752 1008 -0.000000 -0.000000
752 1040 -0.000000 -0.000000
752 1072 -0.000000 -0.000000
752 1104 -0.000000 -0.000000
752 1136 -0.000000 -0.000000
784 16 -2.425529 -0.000000
784 48 -1.610534 -0.000000
784 80 -0.710038 -0.000000
784 112 -0.207833 -0.000000
784 144 -0.040385 -0.000000
784 176 -0.005209 -0.000000
784 208 -0.000446 -0.000000
784 240 -0.000025 -0.000000
784 272 -0.000001 -0.000000
784 304 -0.000000 -0.000000
784 336 -0.000000 -0.000000
784 368 -0.000000 -0.000000
784 400 -0.000000 -0.000000
784 432 -0.000000 -0.000000
784 464 -0.000000 -0.000000
784 496 -0.000000 -0.000000
784 528 -0.000000 -0.000000
784 560 -0.000000 -0.000000
784 592 -0.000000 -0.000000
784 624 -0.000000 -0.000000
784 656 -0.000000 -0.000000
784 688 -0.000000 -0.000000
784 720 -0.000000 -0.000000
784 752 -0.000000 -0.000000
784 784 -0.000000 -0.000000
784 816 -0.000000 -0.000000
784 848 -0.000000 -0.000000
784 880 -0.000000 -0.000000
784 912 -0.000000 -0.000000
784 944 -0.000000 -0.000000
784 976 -0.000000 -0.000000
784 1008 -0.000000 -0.000000
784 1040 -0.000000 -0.000000
784 1072 -0.000000 -0.000000
784 1104 -0.000000 -0.000000
784 1136 -0.000000 -0.000000
816 16 -2.425529 -0.000000
816 48 -1.610534 -0.000000
816 80 -0.710038 -0.000000
816 112 -0.207833 -0.000000
816 144 -0.040385 -0.000000
816 176 -0.005209 -0.000000
816 208 -0.000446 -0.000000
816 240 -0.000025 -0.000000
816 272 -0.000001 -0.000000
816 304 -0.000000 -0.000000
816 336 -0.000000 -0.000000
816 368 -0.000000 -0.000000
816 400 -0.000000 -0.000000
816 432 -0.000000 -0.000000
816 464 -0.000000 -0.000000
816 496 -0.000000 -0.000000
816 528 -0.000000 -0.000000
816 560 -0.000000 -0.000000
816 592 -0.000000 -0.000000
816 624 -0.000000 -0.000000
816 656 -0.000000 -0.000000
816 688 -0.000000 -0.000000
816 720 -0.000000 -0.000000
816 752 -0.000000 -0.000000
816 784 -0.000000 -0.000000
816 816 -0.000000 -0.000000
816 848 -0.000000 -0.000000
816 880 -0.000000 -0.000000
816 912 -0.000000 -0.000000
816 944 -0.000000 -0.000000
816 976 -0.000000 -0.000000
816 1008 -0.000000 -0.000000
816 1040 -0.000000 -0.000000
816 1072 -0.000000 -0.000000
816 1104 -0.000000 -0.000000
816 1136 -0.000000 -0.000000
848 16 -2.425529 -0.000000
848 48 -1.610534 -0.000000
848 80 -0.710038 -0.000000
848 112 -0.207833 -0.000000
848 144 -0.040385 -0.000000
848 176 -0.005209 -0.000000
848 208 -0.000446 -0.000000
848 240 -0.000025 -0.000000
848 272 -0.000001 -0.000000
848 304 -0.000000 -0.000000
848 336 -0.000000 -0.000000
848 368 -0.000000 -0.000000
848 400 -0.000000 -0.000000
848 432 -0.000000 -0.000000
848 464 -0.000000 -0.000000
848 496 -0.000000 -0.000000
848 528 -0.000000 -0.000000
848 560 -0.000000 -0.000000
848 592 -0.000000 -0.000000
848 624 -0.000000 -0.000000
848 656 -0.000000 -0.000000
848 688 -0.000000 -0.000000
848 720 -0.000000 -0.000000
848 752 -0.000000 -0.000000
848 784 -0.000000 -0.000000
848 816 -0.000000 -0.000000
848 848 -0.000000 -0.000000
848 880 -0.000000 -0.000000
848 912 -0.000000 -0.000000
848 944 -0.000000 -0.000000
848 976 -0.000000 -0.000000
848 1008 -0.000000 -0.000000
848 1040 -0.000000 -0.000000
848 1072 -0.000000 -0.000000
848 1104 -0.000000 -0.000000
848 1136 -0.000000 -0.000000
880 16 -2.425529 -0.000000
880 48 -1.610534 -0.000001
880 80 -0.710038 -0.000001
880 112 -0.207833 -0.000001
880 144 -0.040385 -0.000001
880 176 -0.005209 -0.000001
880 208 -0.000446 -0.000001
880 240 -0.000025 -0.000001
880 272 -0.000001 -0.000001
880 304 -0.000000 -0.000001
880 336 -0.000000 -0.000001
880 368 -0.000000 -0.000001
880 400 -0.000000 -0.000001
880 432 -0.000000 -0.000001
880 464 -0.000000 -0.000001
880 496 -0.000000 -0.000001
880 528 -0.000000 -0.000001
880 560 -0.000000 -0.000000
880 592 -0.000000 -0.000000
880 624 -0.000000 -0.000000
880 656 -0.000000 -0.000000
880 688 -0.000000 -0.000000
880 720 -0.000000 -0.000000
880 752 -0.000000 -0.000000
880 784 -0.000000 -0.000000
880 816 -0.000000 -0.000000
880 848 -0.000000 -0.000000
880 880 -0.000000 -0.000000
880 912 -0.000000 -0.000000
880 944 -0.000000 -0.000000
880 976 -0.000000 -0.000000
880 1008 -0.000000 -0.000000
880 1040 -0.000000 -0.000000
880 1072 -0.000000 -0.000000
880 1104 -0.000000 -0.000000
880 1136 -0.000000 -0.000000
912 16 -2.425526 -0.000006
912 48 -1.610531 -0.000015
912 80 -0.710037 -0.000020
912 112 -0.207832 -0.000022
912 144 -0.040385 -0.000023
912 176 -0.005209 -0.000023
912 208 -0.000446 -0.000023
912 240 -0.000025 -0.000023
912 272 -0.000001 -0.000023
912 304 -0.000000 -0.000023
912 336 -0.000000 -0.000023
912 368 -0.000000 -0.000023
912 400 -0.000000 -0.000023
912 432 -0.000000 -0.000022
912 464 -0.000001 -0.000021
912 496 -0.000001 -0.000019
912 528 -0.000001 -0.000016
912 560 -0.000001 -0.000012
912 592 -0.000001 -0.000007
912 624 -0.000001 -0.000004
912 656 -0.000001 -0.000002
912 688 -0.000000 -0.000001
912 720 -0.000000 -0.000000
912 752 -0.000000 -0.000000
912 784 -0.000000 -0.000000
912 816 -0.000000 -0.000000
912 848 -0.000000 -0.000000
912 880 -0.000000 -0.000000
912 912 -0.000000 -0.000000
912 944 -0.000000 -0.000000
912 976 -0.000000 -0.000000
912 1008 -0.000000 -0.000000
912 1040 -0.000000 -0.000000
912 1072 -0.000000 -0.000000
912 1104 -0.000000 -0.000000
912 1136 -0.000000 -0.000000
944 16 -2.425459 -0.000103
944 48 -1.610487 -0.000272
944 80 -0.710018 -0.000365
944 112 -0.207826 -0.000400
944 144 -0.040384 -0.000409
944 176 -0.005209 -0.000410
944 208 -0.000446 -0.000410
944 240 -0.000025 -0.000410
944 272 -0.000001 -0.000410
944 304 -0.000000 -0.000410
944 336 -0.000000 -0.000410
944 368 -0.000000 -0.000410
944 400 -0.000001 -0.000408
944 432 -0.000005 -0.000400
944 464 -0.000011 -0.000380
944 496 -0.000018 -0.000339
944 528 -0.000024 -0.000278
944 560 -0.000026 -0.000205
944 592 -0.000024 -0.000133
944 624 -0.000018 -0.000072
944 656 -0.000011 -0.000031
944 688 -0.000005 -0.000010
944 720 -0.000001 -0.000002
944 752 -0.000000 -0.000000
944 784 -0.000000 -0.000000
944 816 -0.000000 -0.000000
944 848 -0.000000 -0.000000
944 880 -0.000000 -0.000000
944 912 -0.000000 -0.000000
944 944 -0.000000 -0.000000
944 976 -0.000000 -0.000000
944 1008 -0.000000 -0.000000
944 1040 -0.000000 -0.000000
944 1072 -0.000000 -0.000000
944 1104 -0.000000 -0.000000
944 1136 -0.000000 -0.000000
976 16 -2.424559 -0.001219
976 48 -1.609890 -0.003219
976 80 -0.709755 -0.004323
976 112 -0.207750 -0.004732
976 144 -0.040369 -0.004835
976 176 -0.005207 -0.004852
976 208 -0.000446 -0.004854
976 240 -0.000025 -0.004854
976 272 -0.000001 -0.004854
976 304 -0.000000 -0.004854
976 336 -0.000000 -0.004853
976 368 -0.000003 -0.004850
976 400 -0.000018 -0.004829
976 432 -0.000061 -0.004743
976 464 -0.000146 -0.004501
976 496 -0.000253 -0.004016
976 528 -0.000335 -0.003291
976 560 -0.000365 -0.002427
976 592 -0.000335 -0.001563
976 624 -0.000253 -0.000838
976 656 -0.000146 -0.000353
976 688 -0.000061 -0.000111
976 720 -0.000018 -0.000025
976 752 -0.000003 -0.000004
976 784 -0.000000 -0.000000
976 816 -0.000000 -0.000000
976 848 -0.000000 -0.000000
976 880 -0.000000 -0.000000
976 912 -0.000000 -0.000000
976 944 -0.000000 -0.000000
976 976 -0.000000 -0.000000
976 1008 -0.000000 -0.000000
976 1040 -0.000000 -0.000000
976 1072 -0.000000 -0.000000
976 1104 -0.000000 -0.000000
976 1136 -0.000000 -0.000000
1008 16 -2.416475 -0.009571
1008 48 -1.604524 -0.025275
1008 80 -0.707391 -0.033944
1008 112 -0.207058 -0.037163
1008 144 -0.040235 -0.037966
1008 176 -0.005190 -0.038101
1008 208 -0.000444 -0.038116
1008 240 -0.000025 -0.038117
1008 272 -0.000001 -0.038117
1008 304 -0.000000 -0.038117
1008 336 -0.000004 -0.038114
1008 368 -0.000029 -0.038091
1008 400 -0.000152 -0.037944
1008 432 -0.000546 -0.037319
1008 464 -0.001352 -0.035474
1008 496 -0.002375 -0.031664
1008 528 -0.003157 -0.025910
1008 560 -0.003428 -0.019059
1008 592 -0.003157 -0.012207
1008 624 -0.002375 -0.006453
1008 656 -0.001352 -0.002644
1008 688 -0.000546 -0.000798
1008 720 -0.000152 -0.000173
1008 752 -0.000029 -0.000026
1008 784 -0.000004 -0.000003
1008 816 -0.000000 -0.000000
1008 848 -0.000000 -0.000000
1008 880 -0.000000 -0.000000
1008 912 -0.000000 -0.000000
1008 944 -0.000000 -0.000000
1008 976 -0.000000 -0.000000
1008 1008 -0.000000 -0.000000
1008 1040 -0.000000 -0.000000
1008 1072 -0.000000 -0.000000
1008 1104 -0.000000 -0.000000
1008 1136 -0.000000 -0.000000
1040 16 -2.367729 -0.049884
1040 48 -1.572164 -0.131734
1040 80 -0.693131 -0.176924
1040 112 -0.202887 -0.193709
1040 144 -0.039425 -0.197900
1040 176 -0.005085 -0.198603
1040 208 -0.000435 -0.198682
1040 240 -0.000025 -0.198688
1040 272 -0.000001 -0.198688
1040 304 -0.000002 -0.198688
1040 336 -0.000018 -0.198678
1040 368 -0.000150 -0.198588
1040 400 -0.000844 -0.197983
1040 432 -0.003246 -0.195152
1040 464 -0.008484 -0.186058
1040 496 -0.015319 -0.166199
1040 528 -0.020427 -0.135646
1040 560 -0.022135 -0.099344
1040 592 -0.020427 -0.063043
1040 624 -0.015319 -0.032490
1040 656 -0.008484 -0.012630
1040 688 -0.003246 -0.003537
1040 720 -0.000844 -0.000706
1040 752 -0.000150 -0.000101
1040 784 -0.000018 -0.000010
1040 816 -0.000002 -0.000001
1040 848 -0.000000 -0.000000
1040 880 -0.000000 -0.000000
1040 912 -0.000000 -0.000000
1040 944 -0.000000 -0.000000
1040 976 -0.000000 -0.000000
1040 1008 -0.000000 -0.000000
1040 1040 -0.000000 -0.000000
1040 1072 -0.000000 -0.000000
1040 1104 -0.000000 -0.000000
1040 1136 -0.000000 -0.000000
1072 16 -2.170217 -0.172599
1072 48 -1.441031 -0.455814
1072 80 -0.635330 -0.612201
1072 112 -0.185974 -0.670299
1072 144 -0.036140 -0.684812
1072 176 -0.004662 -0.687248
1072 208 -0.000399 -0.687522
1072 240 -0.000023 -0.687543
1072 272 -0.000001 -0.687544
1072 304 -0.000005 -0.687543
1072 336 -0.000055 -0.687526
1072 368 -0.000477 -0.687356
1072 400 -0.002913 -0.686065
1072 432 -0.012471 -0.678947
1072 464 -0.036178 -0.651430
1072 496 -0.069007 -0.582692
1072 528 -0.092297 -0.472872
1072 560 -0.099419 -0.343772
1072 592 -0.092297 -0.214672
1072 624 -0.069007 -0.104852
1072 656 -0.036178 -0.036114
1072 688 -0.012471 -0.008597
1072 720 -0.002913 -0.001479
1072 752 -0.000477 -0.000188
1072 784 -0.000055 -0.000018
1072 816 -0.000004 -0.000001
1072 848 -0.000000 -0.000000
1072 880 -0.000000 -0.000000
1072 912 -0.000000 -0.000000
1072 944 -0.000000 -0.000000
1072 976 -0.000000 -0.000000
1072 1008 -0.000000 -0.000000
1072 1040 -0.000000 -0.000000
1072 1072 -0.000000 -0.000000
1072 1104 -0.000000 -0.000000
1072 1136 -0.000000 -0.000000
1104 16 -1.632061 -0.396507
1104 48 -1.083708 -1.047147
1104 80 -0.477804 -1.406455
1104 112 -0.139869 -1.539961
1104 144 -0.027182 -1.573318
1104 176 -0.003506 -1.578917
1104 208 -0.000300 -1.579548
1104 240 -0.000017 -1.579596
1104 272 -0.000001 -1.579599
1104 304 -0.000007 -1.579599
1104 336 -0.000089 -1.579596
1104 368 -0.000816 -1.579553
1104 400 -0.005521 -1.579025
1104 432 -0.028015 -1.573830
1104 464 -0.102398 -1.534991
1104 496 -0.224617 -1.377034
1104 528 -0.298279 -1.099996
1104 560 -0.316068 -0.789799
1104 592 -0.298279 -0.479603
1104 624 -0.224617 -0.202565
1104 656 -0.102398 -0.044607
1104 688 -0.028015 -0.005769
1104 720 -0.005521 -0.000574
1104 752 -0.000816 -0.000046
1104 784 -0.000089 -0.000003
1104 816 -0.000007 -0.000000
1104 848 -0.000000 -0.000000
1104 880 -0.000000 -0.000000
1104 912 -0.000000 -0.000000
1104 944 -0.000000 -0.000000
1104 976 -0.000000 -0.000000
1104 1008 -0.000000 0.000000
1104 1040 -0.000000 0.000000
1104 1072 -0.000000 0.000000
1104 1104 -0.000000 0.000000
1104 1136 -0.000000 0.000000
1136 16 -0.645475 -0.604821
1136 48 -0.428608 -1.597307
1136 80 -0.188976 -2.145422
1136 112 -0.055321 -2.349098
1136 144 -0.010751 -2.399993
1136 176 -0.001387 -2.408538
1136 208 -0.000119 -2.409502
1136 240 -0.000007 -2.409574
1136 272 -0.000000 -2.409578
1136 304 -0.000004 -2.409580
1136 336 -0.000051 -2.409611
1136 368 -0.000489 -2.409929
1136 400 -0.003602 -2.412412
1136 432 -0.022247 -2.427498
1136 464 -0.143250 -2.492144
1136 496 -0.590566 -2.251156
1136 528 -0.711134 -1.704274
1136 560 -0.726667 -1.204789
1136 592 -0.711134 -0.705304
1136 624 -0.590566 -0.158422
1136 656 -0.143250 0.082566
1136 688 -0.022247 0.017920
1136 720 -0.003602 0.002834
1136 752 -0.000489 0.000351
1136 784 -0.000051 0.000033
1136 816 -0.000004 0.000002
1136 848 -0.000000 0.000000
1136 880 -0.000000 0.000000
1136 912 -0.000000 0.000000
1136 944 -0.000000 0.000000
1136 976 -0.000000 0.000000
1136 1008 -0.000000 0.000000
1136 1040 -0.000000 0.000000
1136 1072 -0.000000 0.000000
1136 1104 -0.000000 0.000000
1136 1136 -0.000000 0.000000
